5.388260e-07
5.984306e-07
6.699562e-07
6.365776e-07
7.367134e-07
1.428127e-06
1.456738e-06
1.482964e-06
2.002716e-06
2.041985e-06
2.267361e-06
2.341270e-06
2.532005e-06
2.660751e-06
2.886454e-06
3.039837e-06
3.128721e-06
3.297329e-06
3.495995e-06
3.687541e-06
3.797966e-06
4.646778e-06
4.096031e-06
4.118886e-06
4.265619e-06
5.733967e-06
4.201465e-06
4.291534e-06
4.398412e-06
6.976128e-06
5.707741e-06
4.534288e-06
4.787703e-06
5.006790e-06
4.882398e-06
5.006790e-06
4.959106e-06
5.229827e-06
5.237758e-06
5.519390e-06
5.702972e-06
5.307950e-06
5.355248e-06
5.426861e-06
6.008148e-06
5.006790e-06
6.008148e-06
